1.00635
0.999686
0.998853
0.99802
0.997186
0.996353
0.99552
0.994686
0.993853
0.99302
0.991353
0.989686
0.98802
0.986353
0.984686
0.98302
0.981353
0.979686
0.978019
0.976353
0.974686
0.979686
0.940519
0.934685
0.928852
0.923019
0.917185
0.911352
0.905518
0.899685
0.893018
0.886351
0.879685
0.873018
0.867092
0.861166
0.729682
0.729682
0.729682
0.729682
0.729682
0.733015
0.736349
0.739682
0.743016
0.743016
0.743016
0.743016
0.743016
0.743016
0.743016
0.743016
0.703015
0.703015
0.703015
0.703015
0.703015
0.704682
0.706349
0.708015
0.709682
0.711349
0.713015
0.714682
0.716349
0.718015
0.719682
0.721349
0.716349
0.716349
0.716349
0.716349
0.716349
0.716348
0.717348
0.718348
0.719348
0.720348
0.721348
0.722348
0.723348
0.703015
0.704265
0.705515
0.706765
0.708015
0.709265
0.710515
0.711765
0.713015
0.714265
0.715515
0.716765
0.718015
0.719265
0.720515
0.721765
0.723015
0.724615
0.726215
0.727815
0.729415
0.731015
0.732615
0.734215
0.735816
0.737416
0.739016
0.740616
0.742216
0.743816
0.745416
0.747016
0.748616
0.750216
0.751816
0.753416
0.755016
0.756616
0.758216
0.759816
0.761416
0.763015
0.763968
0.76492
0.765873
0.563013
0.571346
0.57968
0.588013
0.596346
0.603013
0.60968
0.616347
0.623014
0.62968
0.636347
0.643014
0.649681
0.648014
0.646347
0.644681
0.649681
0.646347
0.643014
0.639681
0.636347
0.631903
0.627458
0.623014
0.618569
0.614125
0.60968
0.605236
0.600791
0.529679
0.524679
0.519679
0.514678
0.503012
0.496345
0.489678
0.483011
0.476344
0.471344
0.466344
0.461344
0.456344
0.459678
0.463011
0.466344
0.503012
0.496345
0.489678
0.483011
0.42301
0.416343
0.409677
0.40301
0.396343
0.39801
0.399677
0.401343
0.416343
0.414677
0.41301
0.411343
0.409677
0.400788
0.391899
0.38301
0.374121
0.365232
0.356342
0.347453
0.338564
0.329675
0.324675
0.319675
0.314675
0.309675
0.304675
0.299675
0.294675
0.289675
0.291341
0.293008
0.294675
0.296341
0.298008
0.299675
0.301342
0.303008
0.304675
0.306342
0.308008
0.309675
0.311342
0.313008
0.314675
0.316342
0.318008
0.319675
0.321342
0.323009
0.327322
0.331636
0.33595
0.340264
0.344578
0.348891
0.353205
0.357519
0.361833
0.366147
0.37046
0.374774
0.379088
0.383402
0.387716
0.392029
0.396343
0.40801
0.419677
0.431344
0.443011
0.441344
0.439677
0.43801
0.476344
0.473011
0.469678
0.466344
0.463011
0.463011
0.463011
0.463011
0.463011
0.463011
0.463011
0.463011
0.456344
0.456344
0.456344
0.456344
0.456344
0.456344
0.456344
0.456344
0.456344
0.458566
0.460789
0.463011
0.465233
0.467455
0.469678
0.4719
0.474122
0.489678
0.488011
0.486345
0.484678
0.483011
0.481345
0.479678
0.478011
0.476345
0.473845
0.471345
0.468845
0.466344
0.463844
0.461344
0.458844
0.456344
0.453844
0.451344
0.448844
0.446344
0.443844
0.441344
0.438844
0.436344
0.432455
0.428566
0.424677
0.420788
0.416899
0.41301
0.409121
0.405232
0.401343
0.397454
0.393565
0.396343
0.400788
0.405232
0.409677
0.414121
0.418566
0.42301
0.427455
0.431899
0.436344
0.444677
0.453011
0.461344
0.469678
0.469678
0.469678
0.469678
0.456344
0.454677
0.453011
0.451344
0.449677
0.451344
0.453011
0.454677
0.456344
0.461344
0.466344
0.471344
0.476345
0.480511
0.484678
0.488845
0.493011
0.497178
0.501345
0.505512
0.509678
0.511345
0.513012
0.514678
0.529679
0.532032
0.534385
0.536738
0.539091
0.541444
0.543797
0.54615
0.548503
0.550856
0.553209
0.555562
0.557915
0.560268
0.562621
0.564973
0.567326
0.569679
0.574679
0.579679
0.584679
0.58968
0.59468
0.59968
0.60468
0.60968
0.611903
0.614125
0.616347
0.618569
0.620791
0.623014
0.625236
0.627458
0.62968
0.631903
0.634125
0.636347
0.633014
0.62968
0.626347
0.623013
0.617087
0.611161
0.605235
0.599309
0.593383
0.587457
0.581531
0.575605
0.569679
0.566346
0.563013
0.559679
0.556346
0.554679
0.553012
0.551346
0.549679
0.552179
0.554679
0.557179
0.559679
0.562179
0.564679
0.567179
0.596346
0.600235
0.604124
0.608013
0.611902
0.615791
0.61968
0.623569
0.627458
0.631347
0.635236
0.639125
0.643014
0.648014
0.653014
0.658014
0.663014
0.664348
0.665681
0.667014
0.668348
0.669681
0.664681
0.659681
0.654681
0.64968
0.648014
0.646347
0.644681
0.643014
0.641347
0.639681
0.638014
0.636347
0.631347
0.626347
0.621347
0.616347
0.616347
0.616347
0.616347
0.62968
0.63218
0.63468
0.63718
0.639681
0.642181
0.644681
0.647181
0.649681
0.654681
0.659681
0.664681
0.669681
0.668014
0.666348
0.664681
0.649681
0.649681
0.649681
0.649681
0.649681
0.649681
0.646347
0.643014
0.639681
0.623014
0.616347
0.60968
0.603013
0.596346
0.596346
0.596346
0.596346
0.603013
0.601346
0.59968
0.598013
0.596346
0.59468
0.593013
0.591346
0.58968
0.588013
0.586346
0.58468
0.583013
0.578013
0.573013
0.568013
0.563013
0.558013
0.553012
0.548012
0.543012
0.539935
0.536858
0.533781
0.530704
0.527627
0.52455
0.521473
0.518396
0.515319
0.512242
0.509166
0.506089
0.503011
0.500928
0.498845
0.496761
0.494678
0.492595
0.490511
0.488428
0.486345
0.484261
0.482178
0.480094
0.478011
0.475928
0.473844
0.471761
0.469678
0.471344
0.473011
0.474678
0.489678
0.494678
0.499678
0.504678
0.509678
0.511345
0.513012
0.514678
0.523012
0.521345
0.519678
0.518012
0.516345
0.513382
0.510419
0.507456
0.504493
0.50153
0.498567
0.495604
0.492641
0.489678
0.486345
0.483011
0.479678
0.476344
0.476344
0.476344
0.476344
0.476344
0.479678
0.483011
0.486345
0.489678
0.489678
0.489678
0.489678
0.483011
0.483011
0.483011
0.483011
0.483011
0.483011
0.483011
0.483011
0.483011
0.481345
0.479678
0.478011
0.476344
0.475319
0.474293
0.473267
0.472242
0.471216
0.47019
0.469165
0.468139
0.467113
0.466088
0.465062
0.464037
0.463011
0.465511
0.468011
0.470511
0.473011
0.475511
0.478011
0.480511
0.483011
0.484678
0.486345
0.488011
0.489678
0.491345
0.493011
0.494678
0.496345
0.498012
0.499678
0.501345
0.503012
0.506345
0.509678
0.513012
0.516345
0.519679
0.523012
0.526345
0.529679
0.533012
0.536345
0.539679
0.543012
0.544494
0.545975
0.547457
0.548938
0.55042
0.551901
0.553383
0.554864
0.556346
0.554679
0.553012
0.551346
0.509678
0.503845
0.498012
0.492178
0.486345
0.480511
0.474678
0.468844
0.463011
0.456344
0.449677
0.443011
0.436344
0.436344
0.436344
0.436344
0.476344
0.489678
0.503012
0.516345
0.529679
0.533846
0.538012
0.542179
0.546346
0.550512
0.554679
0.558846
0.0696709
0.0691581
0.0686453
0.0681324
0.0676196
0.0671068
0.066594
0.0660811
0.0655683
0.0650555
0.0645426
0.0640298
0.063517
0.0630041
0.0630041
0.0630041
0.0630041
0.0630041
0.0630041
0.0630041
0.0630041
0.0630041
0.0630041
0.0630041
0.0630041
0.0630041
0.0630041
0.0630041
0.0630041
0.0630041
0.0630041
0.0630041
0.0630041
0.0630041
0.0630041
0.0630041
0.0630041
0.0630041
0.0630041
0.0630041
0.0630041
0.0630041
0.0630041
0.0630041
0.0630041
0.0630041
0.0630041
0.0630041
0.0630041
0.0630041
0.0630041
0.0630041
0.0630041
0.0630041
0.0630041
0.0646708
0.0663375
0.0680042
0.0696709
0.0696709
0.0696709
0.0696709
0.0696709
0.0680042
0.0663375
0.0646708
0.0163367
0.0163367
0.0163367
0.0163367
0.0163367
0.0196701
0.0230035
0.0263368
-0.083665
-0.083665
-0.083665
-0.083665
-0.083665
-0.0816137
-0.0795624
-0.0775111
-0.0754597
-0.0734084
-0.0713571
-0.0693058
-0.0672545
-0.0652032
-0.0631518
-0.0611005
-0.0590492
-0.0569979
-0.0553312
-0.0536645
-0.0519978
-0.0503311
-0.0486644
-0.0469977
-0.045331
-0.083665
-0.0869984
-0.0903318
-0.0936652
-0.0969986
-0.0969986
-0.0969986
-0.0969986
-0.0969986
-0.0936652
-0.0903318
-0.0869984
-0.083665
-0.0803316
-0.0769982
-0.0736648
-0.0703314
-0.0682801
-0.0662288
-0.0641775
-0.0621262
-0.0600749
-0.0580235
-0.0559722
-0.0539209
-0.0518696
-0.0498183
-0.047767
-0.0457157
-0.0436643
-0.0444977
-0.045331
-0.0461644
-0.0469977
-0.0478311
-0.0486644
-0.0494978
-0.0503311
-0.0503311
-0.0503311
-0.0503311
-0.0503311
-0.0486644
-0.0469977
-0.045331
-0.0436643
-0.0419976
-0.0403309
-0.0386643
-0.0369976
-0.0319975
-0.0269974
-0.0219973
-0.0169972
-0.0153305
-0.0136638
-0.0119971
-0.0103304
-0.00199696
0.00633651
0.01467
0.036337
0.0370778
0.0378185
0.0385593
0.0393
0.0400408
0.0407815
0.0415223
0.042263
0.0430038
0.0407815
0.0385593
0.036337
0.0341148
0.0318925
0.0296702
0.027448
0.0252257
0.0230035
0.0207812
0.0185589
0.0163367
0.0150033
0.01367
0.0123366
0.0110033
0.0096699
0.00833654
0.00700319
0.00566983
0.00433648
0.00300312
0.00166976
0.000336409
-0.000996947
-0.0023303
-0.00366366
-0.00499701
-0.00633037
-0.00766373
-0.00899708
-0.0103304
-0.0103304
-0.0103304
-0.0103304
-0.0103304
-0.0103304
-0.0103304
-0.0103304
-0.0103304
-0.0103304
-0.0103304
-0.0103304
-0.0103304
-0.0103304
-0.0103304
-0.0103304
-0.0103304
-0.0103304
-0.0103304
-0.0103304
-0.0103304
-0.0103304
-0.0078304
-0.00533035
-0.00283031
-0.000330269
0.00216977
0.00466982
0.00716986
0.0096699
0.0121699
0.01467
0.01717
0.0196701
0.0221701
0.0246702
0.0271702
0.0563374
0.0546707
0.053004
0.0513373
0.0496706
0.0481321
0.0465936
0.0450551
0.0435166
0.0419781
0.0404397
0.0389012
0.0373627
0.0358242
0.0342857
0.0327472
0.0312087
0.0296702
0.0280035
0.0263368
0.0246702
0.0230035
0.0230035
0.0230035
0.0230035
0.0230035
0.0263368
0.0296702
0.0330036
0.036337
0.0413371
0.0463372
0.0513373
0.0630041
0.0630041
0.0630041
0.0630041
0.0630041
0.0613374
0.0596707
0.0580041
0.0496706
0.0512091
0.0527476
0.054286
0.0558245
0.057363
0.0589015
0.06044
0.0619785
0.063517
0.0650555
0.0665939
0.0681324
0.0830045
0.0913379
0.0996714
0.108005
0.129672
0.128005
0.126339
0.124672
0.123005
0.121338
0.119672
0.118005
0.0763377
0.0763377
0.0763377
0.0763377
0.0896713
0.0930046
0.096338
0.0996714
0.103005
0.106338
0.109672
0.113005
0.116338
0.123005
0.129672
0.136339
0.143005
0.149672
0.156339
0.163006
0.169673
0.173376
0.17708
0.180784
0.184488
0.188191
0.191895
0.195599
0.199303
0.203007
0.203007
0.203007
0.203007
0.203007
0.200506
0.198006
0.195506
0.193006
0.190506
0.188006
0.185506
0.183006
0.180506
0.178006
0.175506
0.173006
0.170506
0.168006
0.165506
0.163006
0.161339
0.159672
0.158006
0.156339
0.154672
0.153006
0.151339
0.149672
0.148006
0.146339
0.144672
0.143005
0.141339
0.139672
0.138005
0.136339
0.135598
0.134857
0.134116
0.133376
0.132635
0.131894
0.131153
0.130413
0.129672
0.131339
0.133005
0.134672
0.156339
0.152172
0.148006
0.143839
0.139672
0.135505
0.131339
0.127172
0.123005
0.119116
0.115227
0.111338
0.107449
0.10356
0.0996714
0.0957825
0.0918935
0.0880046
0.0841156
0.0802267
0.0763377
0.0732607
0.0701837
0.0671068
0.0640298
0.0609528
0.0578758
0.0547989
0.0517219
0.0486449
0.0455679
0.042491
0.039414
0.036337
0.0346703
0.0330036
0.0313369
0.0296702
0.0330036
0.036337
0.0396704
0.0430038
0.0430038
0.0430038
0.0430038
0.0163367
0.0096699
0.00300312
-0.00366366
-0.0103304
-0.0119971
-0.0136638
-0.0153305
-0.0169972
-0.0186639
-0.0203306
-0.0219973
-0.023664
-0.021164
-0.0186639
-0.0161639
-0.0136638
-0.0111638
-0.00866374
-0.0061637
-0.257001
-0.262001
-0.267001
-0.272002
-0.277002
-0.277002
-0.277002
-0.277002
-0.277002
-0.277002
-0.275335
-0.273668
-0.272002
-0.270335
-0.270335
-0.270335
-0.270335
-0.270335
-0.270335
-0.270335
-0.270335
-0.270335
-0.268668
-0.267001
-0.265335
-0.263668
-0.262001
-0.260335
-0.258668
-0.350336
-0.348669
-0.347003
-0.345336
-0.343669
-0.342003
-0.340336
-0.338669
-0.350336
-0.35867
-0.367003
-0.375337
-0.450338
-0.457005
-0.463671
-0.470338
-0.57034
-0.575673
-0.581007
-0.58634
-0.591674
0.0630041
0.0580041
0.053004
0.0480039
0.0430038
0.0396704
0.036337
0.0330036
0.0296702
0.0263368
0.0230035
0.0196701
0.0163367
-0.168666
-0.173667
-0.178667
-0.183667
-0.488672
-0.493672
-0.498672
-0.503672
-0.510339
-0.510339
-0.510339
-0.510339
-0.511172
-0.512006
-0.512839
-0.513672
-0.514506
-0.515339
-0.516172
-0.517006
-0.510339
-0.503672
-0.497005
-0.490339
-0.486417
-0.482495
-0.478574
-0.474652
-0.47073
-0.466809
-0.462887
-0.458966
-0.455044
-0.451122
-0.447201
-0.443279
-0.439357
-0.435436
-0.431514
-0.427593
-0.423671
-0.686683
-0.687334
-0.687984
-0.688634
-0.689285
-0.689935
-0.690586
-0.691236
-0.691886
-0.692537
-0.693187
-0.693838
-0.694488
-0.695138
-0.695789
-0.696439
-0.69709
-0.69774
-0.69839
-0.699041
-0.699691
-0.700342
-0.700787
-0.701231
-0.701676
-0.70212
-0.702565
-0.703009
-0.703453
-0.703898
-0.704342
-0.704787
-0.705231
-0.705676
-0.70612
-0.706565
-0.740343
-0.740343
-0.740343
-0.740343
-0.740343
-0.743677
-0.74701
-0.750343
-0.753677
-0.75701
-0.760343
-0.763677
-0.76701
-0.770344
-0.773677
-0.77701
-0.787011
-0.788344
-0.789677
-0.791011
-0.792344
-0.793677
-0.790344
-0.787011
-0.783677
-0.780344
-0.778677
-0.77701
-0.775344
-0.773677
-0.77201
-0.770344
-0.768677
-0.76701
-0.764788
-0.762566
-0.760343
-0.758121
-0.755899
-0.753677
-0.751454
-0.749232
-0.74701
-0.744788
-0.742565
-0.740343
-0.740899
-0.741454
-0.74201
-0.742565
-0.743121
-0.743676
-0.744232
-0.744788
-0.745343
-0.745899
-0.746454
-0.760343
-0.760343
-0.760343
-0.760343
-0.760343
-0.760343
-0.760343
-0.760343
-0.760343
-0.760343
-0.760343
-0.760343
-0.760343
-0.760343
-0.75701
-0.753677
-0.750343
-0.74701
-0.743677
-0.740343
-0.73701
-0.733676
-0.73201
-0.730343
-0.728676
-0.72701
-0.725343
-0.723676
-0.72201
-0.720343
-0.720343
-0.720343
-0.720343
-0.753677
-0.75201
-0.750343
-0.748677
-0.74701
-0.745343
-0.743677
-0.74201
-0.700342
-0.701676
-0.703009
-0.704343
-0.705676
-0.733676
-0.73951
-0.745343
-0.751177
-0.75701
-0.762843
-0.768677
-0.77451
-0.780344
-0.783677
-0.787011
-0.790344
-0.793677
-0.792011
-0.790344
-0.788677
-0.787011
-0.785344
-0.783677
-0.782011
-0.76701
-0.763677
-0.760343
-0.75701
-0.753677
-0.750343
-0.74701
-0.743677
-0.740343
-0.73701
-0.733676
-0.730343
-0.72701
-0.725528
-0.724047
-0.722565
-0.721084
-0.719602
-0.718121
-0.716639
-0.715158
-0.713676
-0.717009
-0.720343
-0.723676
-0.72701
-0.731176
-0.735343
-0.73951
-0.743677
-0.747843
-0.75201
-0.756177
-0.760344
-0.76201
-0.763677
-0.765344
-0.76701
-0.768677
-0.770344
-0.77201
-0.773677
-0.775344
-0.77701
-0.778677
-0.780344
-0.780344
-0.780344
-0.780344
-0.780344
-0.778677
-0.77701
-0.775344
-0.773677
-0.771324
-0.768971
-0.766618
-0.764265
-0.761912
-0.759559
-0.757206
-0.754853
-0.7525
-0.750147
-0.747794
-0.745441
-0.743088
-0.740735
-0.738382
-0.736029
-0.733676
-0.731454
-0.729232
-0.727009
-0.724787
-0.722565
-0.720343
-0.71812
-0.715898
-0.713676
-0.711454
-0.709231
-0.707009
-0.710343
-0.713676
-0.717009
-0.720343
-0.72348
-0.726618
-0.729755
-0.732892
-0.73603
-0.739167
-0.742304
-0.745441
-0.748579
-0.751716
-0.754853
-0.757991
-0.761128
-0.764265
-0.767402
-0.77054
-0.773677
-0.777844
-0.782011
-0.786177
-0.790344
-0.794511
-0.798678
-0.802844
-0.807011
-0.808678
-0.810344
-0.812011
-0.813678
-0.815344
-0.817011
-0.818678
-0.820345
-0.815344
-0.810344
-0.805344
-0.800344
-0.795344
-0.790344
-0.785344
-0.780344
-0.780344
-0.780344
-0.780344
-0.780344
-0.780344
-0.780344
-0.780344
-0.780344
-0.782011
-0.783677
-0.785344
-0.78701
-0.787795
-0.788579
-0.789363
-0.790148
-0.790932
-0.791716
-0.792501
-0.793285
-0.794069
-0.794854
-0.795638
-0.796422
-0.797207
-0.797991
-0.798775
-0.79956
-0.800344
-0.800344
-0.800344
-0.800344
-0.800344
-0.800344
-0.800344
-0.800344
-0.800344
-0.800344
-0.800344
-0.800344
-0.800344
-0.797011
-0.793677
-0.790344
-0.787011
-0.783677
-0.780344
-0.77701
-0.773677
-0.771455
-0.769232
-0.76701
-0.764788
-0.762566
-0.760343
-0.758121
-0.755899
-0.753677
-0.751177
-0.748677
-0.746177
-0.743677
-0.741177
-0.738676
-0.736176
-0.733676
-0.732843
-0.73201
-0.731176
-0.730343
-0.72951
-0.728676
-0.727843
-0.72701
-0.729788
-0.732565
-0.735343
-0.738121
-0.740899
-0.743677
-0.746454
-0.749232
-0.75201
-0.754788
-0.757566
-0.760343
-0.761882
-0.76342
-0.764959
-0.766497
-0.768036
-0.769574
-0.771113
-0.772651
-0.77419
-0.775728
-0.777267
-0.778805
-0.780344
-0.781177
-0.782011
-0.782844
-0.783677
-0.784511
-0.785344
-0.786177
-0.787011
-0.787011
-0.787011
-0.787011
-0.787011
-0.780344
-0.773677
-0.76701
-0.760344
-0.757844
-0.755344
-0.752844
-0.750344
-0.747843
-0.745343
-0.742843
-0.740343
-0.737843
-0.735343
-0.732843
-0.730343
-0.727843
-0.725343
-0.722843
-0.720343
-0.715898
-0.711454
-0.707009
-0.702565
-0.69812
-0.693676
-0.689231
-0.684787
-0.680342
-0.677009
-0.673675
-0.670342
-0.667009
-0.668675
-0.670342
-0.672009
-0.673675
-0.676175
-0.678675
-0.681175
-0.683675
-0.686176
-0.688676
-0.691176
-0.693676
-0.690342
-0.687009
-0.683676
-0.660342
-0.658675
-0.657008
-0.655342
-0.653675
-0.652008
-0.650342
-0.648675
-0.647008
-0.650342
-0.653675
-0.657008
-0.660342
-0.663675
-0.667009
-0.670342
-0.673675
-0.675009
-0.676342
-0.677675
-0.679009
-0.680342
-0.679787
-0.679231
-0.678676
-0.67812
-0.677564
-0.677009
-0.676453
-0.675898
-0.675342
-0.674787
-0.674231
-0.673675
-0.668675
-0.663675
-0.658675
-0.653675
-0.647008
-0.640341
-0.633675
-0.653675
-0.662009
-0.670342
-0.678676
-0.687009
-0.695342
-0.703676
-0.712009
-0.720343
-0.725049
-0.729755
-0.734461
-0.739167
-0.743873
-0.748579
-0.753285
-0.75799
-0.762696
-0.767402
-0.772108
-0.776814
-0.78152
-0.786226
-0.790932
-0.795638
-0.800344
-0.806177
-0.812011
-0.817844
-0.823678
-0.829511
-0.835345
-0.841178
-0.847012
-0.845345
-0.843678
-0.842012
-0.773677
-0.766177
-0.758677
-0.751177
-0.743676
-0.736176
-0.728676
-0.721176
-0.713676
-0.710343
-0.707009
-0.703676
-0.700342
-0.697009
-0.693676
-0.690342
-0.680342
-0.680342
-0.680342
-0.680342
-0.653675
-0.651453
-0.64923
-0.647008
-0.644786
-0.642564
-0.640341
-0.638119
-0.635897
-0.633675
-0.630341
-0.627008
-0.623675
-0.620341
-0.617008
-0.613674
-0.610341
-0.607008
-0.603674
-0.600341
-0.597007
-0.593674
-0.589785
-0.585896
-0.582007
-0.578118
-0.574229
-0.57034
-0.566451
-0.562562
-0.558673
-0.554784
-0.550896
-0.547006
-0.538673
-0.53034
-0.522006
-0.513673
-0.515339
-0.517006
-0.518673
-0.547006
-0.55071
-0.554414
-0.558118
-0.561822
-0.565525
-0.569229
-0.572933
-0.576637
-0.553673
-0.54534
-0.537006
-0.528673
-0.520339
-0.512006
-0.503672
-0.495339
-0.487006
-0.482005
-0.477005
-0.472005
-0.467005
-0.468672
-0.470339
-0.472005
-0.473672
-0.477005
-0.480339
-0.483672
-0.487006
-0.492006
-0.497006
-0.502006
-0.500339
-0.500339
-0.500339
-0.500339
-0.500339
-0.502006
-0.503672
-0.505339
-0.507006
-0.509673
-0.512339
-0.515006
-0.517673
-0.553673
-0.55534
-0.557007
-0.558673
-0.56034
-0.56534
-0.57034
-0.57534
-0.58034
-0.58534
-0.590341
-0.595341
-0.600341
-0.605341
-0.610341
-0.615341
-0.620341
-0.623675
-0.627008
-0.630341
-0.633675
-0.633675
-0.633675
-0.633675
-0.627008
-0.627008
-0.627008
-0.627008
-0.660342
-0.667009
-0.673675
-0.680342
-0.687009
-0.692009
-0.697009
-0.702009
-0.707009
-0.707009
-0.707009
-0.707009
-0.707009
-0.707009
-0.707009
-0.707009
-0.707009
-0.707009
-0.707009
-0.707009
-0.707009
-0.707009
-0.707009
-0.707009
-0.707009
-0.707009
-0.706176
-0.705342
-0.704509
-0.703676
-0.702842
-0.702009
-0.701176
-0.700342
-0.699509
-0.698676
-0.697842
-0.697009
-0.696176
-0.695342
-0.694509
-0.693676
-0.692009
-0.690342
-0.688676
-0.693676
-0.695342
-0.697009
-0.698676
-0.740343
-0.740343
-0.740343
-0.740343
-0.740343
-0.740343
-0.736176
-0.73201
-0.727843
-0.723676
-0.719509
-0.715343
-0.711176
-0.70701
-0.704676
-0.702343
-0.70001
-0.697676
-0.695343
-0.693009
-0.690676
-0.688343
-0.686009
-0.683676
-0.681342
-0.679009
-0.676676
-0.674342
-0.672009
-0.669675
-0.667342
-0.665009
-0.662675
-0.847012
-0.850345
-0.853678
-0.857012
-0.860345
-0.860345
-0.860345
-0.860345
-0.860345
-0.859812
-0.859279
-0.858745
-0.858212
-0.857678
-0.857145
-0.856612
-0.856078
-0.855545
-0.855012
-0.854478
-0.853945
-0.853412
-0.852878
-0.852345
-0.851812
-0.987014
-0.988681
-0.990347
-0.992014
-1.00035
-0.93368
-0.927013
-0.920346
-0.913679
-0.907013
-0.900346
-0.893679
-0.887012
-0.883875
-0.880738
-0.8776
-0.874463
-0.871326
-0.868189
-0.865051
-0.861914
-0.858777
-0.855639
-0.852502
-0.849365
-0.846228
-0.84309
-0.839953
-0.836816
-0.833678
-0.832011
-0.830345
-0.828678
-0.827011
-0.825345
-0.823678
-0.822011
-0.820345
-0.818678
-0.817011
-0.815345
-0.813678
-0.812011
-0.810345
-0.808678
-0.807011
-0.805344
-0.803678
-0.802011
-0.800344
-0.980347
